3.3.1 Number of mistakes made is 4
3.3.1 Weight vector is [0.0, 0.0, 1.0, 0.0, -1.0, 2.0]

3.3.2 Perceptron Learning Rate used : 0.2
3.3.2 Number of Perceptron mistakes made is 1382
3.3.2 Perceptron Weight vector is [-1.669032212623343, -1.359463584328514, -0.9625825746498917, 0.3504370051176339, 1.3975452777972017, 0.5332183994766497, 0.5851891847407187, -0.015158459800191093, 0.8791825178724801, 1.1412491794821142, 0.07495396603548482, 0.12889715087377673, -0.05339834235348179, 0.023238122483889456, -0.8532602428015346, 0.56448686067685, 0.7044906862509717, -0.5748536365344407, 0.41079619549106167, 0.17631229127493242, 0.19072278571478318, 0.48723284703014275, 0.34624140532233055, 0.5331520701949939, 0.21729707140932442, 1.4388903500470183, -0.47330056539513393, 0.29933501161149356, 0.7339398405868922, 0.08306239822491507, 0.5785743401478403, 0.9223571191888487, 1.3150310138504742, 0.3432203853005968, 0.4629578184224229, -0.9955143978171148, -0.32850168512010586, -0.45157977020833556, 0.33876965353575345, 0.6593565513546482, 1.371546988851713, -0.3342541197859617, 0.012581104709868007, -0.4210120154711828, 0.21757041220968598, 0.054487167042290674, 0.40967349730097435, 0.8922930069529333, -0.22868703382932032, 0.11268742814568922, 0.6112353749298962, 1.7830924897671792, 0.945333238959629, 0.6142363551036679, 0.19420355277733092, 0.8537907753080727, -0.21395754918544763, -0.406528044994186, 0.483104405981479, 1.5702915302477038, 0.9620689182075386, 1.7242950335788687, -0.5226458387501256, 0.40439541722463573, 0.2414267736757919, -0.13791200971400558, -0.14717253340053948, 0.701834850205735, 0.591942980410217, -0.4307300900595839, -0.6468939278208818, 0.24726586919612947, -1.7283763765821991, -0.5708924872783643, -1.3163298098948997, 0.3719501209537452, -0.6108828492485949, -0.032557896984510115, -1.69860264898777, 0.2555253108964435, -0.2908418127518122, 0.8482805002723424, 0.4520845381739835, 0.6101754545362295, 0.35385296970871194, -0.1132621448342725, 0.05031151526430572, 0.20367690235570046, -0.0921068323655273, 0.5316085562487977, 0.11881420183857327, 0.27721002606871137, 0.8742622102831943, 0.6098815135127635, 0.5086392096967358, 0.24449062015679507, 0.44672390103888954, 0.2968037636226561, 0.9067015959528526, 1.1206888198929494, 0.7663607445139959, 0.6776369117569214, 0.7039697053426346, -0.2772322017567787, -0.18834516172345223, 0.7010389381824047, 0.9453528603915509, 0.6072882485626178, 0.2350817258641661, 0.38904318355362855, 0.9114683618429857, 0.36738908858440694, 0.003913530617220884, 0.06489582745247163, 0.49281695715618506, 0.4975682649107815, 0.4289044793297375, 0.8875516381838637, 0.608496434701026, 0.1530524994432197, 0.4717585674995369, 0.5404171801693827, 0.8944352245063432, 0.5799577832686672]
3.3.2 Perceptron Accuracy with training data: 0.7988774555659495
3.3.2 Perceptron Accuracy with testing data: 0.794125521092286

3.3.2 Margin Perceptron Learning Rate used : 0.1, and Myu used is 5.0
3.3.2 Number of Margin Perceptron mistakes made is 2431
3.3.2 Margin Perceptron Weight vector is [-2.5690322126233442, -3.459463584328516, -2.2625825746498927, 0.750437005117634, 1.8975452777972022, 2.1332183994766507, 0.8851891847407185, -1.5151584598001913, 1.8791825178724808, 2.4412491794821154, -0.025046033964515185, -0.47110284912622324, 0.04660165764651822, 0.023238122483889456, -2.853260242801536, 0.76448686067685, 0.004490686250971793, 0.025146363465559457, 1.410796195491062, -0.42368770872506734, 0.39072278571478314, -0.11276715296985723, -0.05375859467766947, 2.1331520701949946, -0.8827029285906755, 2.3388903500470195, -0.27330056539513387, -0.6006649883885063, 0.5339398405868923, 0.7830623982249149, 0.4785743401478404, -0.17764288081115123, 2.4150310138504754, 0.04322038530059677, 0.16295781842242293, -4.295514397817116, -0.7285016851201059, -0.25157977020833555, 0.1387696535357536, 3.4593565513546496, 3.9715469888517148, -0.9342541197859616, -2.0874188952901327, -0.32101201547118274, -0.582429587790314, 0.1544871670422908, 0.20967349730097434, 2.092293006952934, -1.1286870338293205, -1.1873125718543107, 1.3112353749298964, 4.483092489767181, 2.24533323895963, -1.085763644896332, -0.8057964472226689, 1.9537907753080734, -1.6139575491854479, -0.6065280449941859, 0.4831044059814791, 1.5702915302477043, 0.9620689182075386, 3.8242950335788706, -1.8226458387501259, 1.3043954172246357, -0.5585732263242084, -0.43791200971400557, -1.6471725334005396, 0.5018348502057352, 0.591942980410217, -0.7307300900595838, -0.5468939278208819, -0.25273413080387064, -2.628376376582201, -0.5708924872783642, -3.916329809894902, 2.071950120953746, -3.0108828492485955, 1.46744210301549, -3.8986026489877723, -0.14447468910355654, -0.2908418127518124, 1.648280500272343, 1.3520845381739834, 0.6101754545362292, 0.4538529697087119, -0.013262144834272488, 0.15031151526430583, 0.20367690235570043, -0.0921068323655273, 0.5316085562487977, 0.21881420183857334, 0.4772100260687113, 0.8742622102831944, 0.3098815135127636, 0.6086392096967359, 0.14449062015679506, 0.5467239010388896, 0.3968037636226561, 1.2067015959528529, 0.9206888198929494, 0.16636074451399605, 0.6776369117569213, 0.40396970534263466, -0.6772322017567787, -0.08834516172345222, 0.8010389381824046, 0.7453528603915509, 0.3072882485626178, 0.2350817258641661, 0.28904318355362857, 1.111468361842986, 0.2673890885844069, 0.10391353061722089, 0.26489582745247164, 0.7928169571561852, 0.19756826491078147, 0.4289044793297375, 0.7875516381838638, 0.5084964347010259, 0.053052499443219714, 0.5717585674995369, 0.7404171801693827, 0.9944352245063431, 0.5799577832686672]
3.3.2 Margin Perceptron Accuracy with training data: 0.8458060492672279
3.3.2 Margin Perceptron Accuracy with testing data: 0.8413202279420201

3.3.3 Perceptron Learning Rate used : 0.6 for 5 epochs.
3.3.3 Number of Perceptron mistakes made is 6600
3.3.3 Perceptron Weight vector is [-4.069032212623343, -5.759463584328514, 0.6374174253501087, -0.6495629948823659, 1.7975452777972016, 1.5332183994766493, 0.985189184740718, -0.21515845980019122, 1.4791825178724802, 0.9412491794821137, -0.3250460339645149, 3.128897150873777, -2.253398342353482, 0.023238122483889456, -2.453260242801534, 1.5644868606768503, -0.4955093137490284, -0.5748536365344409, -0.1892038045089388, -2.2236877087250675, 0.3907227857147829, 1.6872328470301428, -1.0537585946776695, 1.9331520701949936, -1.5827029285906757, 1.4388903500470183, 0.5266994346048662, 0.29933501161149334, 3.7339398405868924, 0.683062398224915, -0.8214256598521597, 1.9223571191888489, 2.5150310138504746, -1.6567796146994032, -2.537042181577577, -1.195514397817114, -1.728501685120106, -0.25157977020833555, -1.4612303464642462, 1.4593565513546474, 3.971546988851713, -2.134254119785961, -2.9874188952901317, -0.42101201547118283, -2.182429587790314, -1.5455128329577095, 4.209673497300974, 2.492293006952933, 0.7713129661706796, -2.8873125718543102, 4.4112353749298965, 1.3830924897671788, 0.9453332389596288, 0.014236355103667941, 0.9942035527773307, 0.853790775308073, -1.0139575491854473, -0.20652804499418642, -2.116895594018521, 2.570291530247704, 0.9620689182075386, 2.5242950335788685, -2.3226458387501254, -0.39560458277536426, 1.0414267736757918, -2.5379120097140055, 0.852827466599461, 0.5018348502057349, 2.191942980410217, -6.230730090059583, 1.5531060721791183, 0.047265869196129406, -4.1283763765821995, -0.5708924872783642, -1.9163298098948998, -1.428049879046255, -5.010882849248595, 1.96744210301549, -3.69860264898777, -1.5444746891035566, -1.4908418127518122, 1.4482805002723418, 2.4520845381739833, 1.8101754545362292, 1.553852969708712, -2.3132621448342725, -1.549688484735694, 3.6036769023557, -1.4921068323655273, -0.06839144375120232, -5.081185798161426, 2.6772100260687113, 2.0742622102831945, 1.8098815135127637, -1.491360790303264, 3.044490620156795, 0.04672390103888957, 0.4968037636226561, 5.9067015959528515, 5.920688819892948, -0.8336392554860039, 3.4776369117569215, -1.6960302946573655, 0.3227677982432213, 1.2116548382765477, 1.9010389381824044, 1.345352860391551, -1.7927117514373823, 0.2350817258641661, -0.21095681644637143, 2.711468361842986, 1.9673890885844068, -0.5960864693827791, 0.8648958274524716, 1.4928169571561851, 0.2975682649107815, 1.0289044793297375, 1.2875516381838636, 4.008496434701026, -2.6469475005567804, 0.07175856749953691, 0.7404171801693827, 2.094435224506343, 0.5799577832686672]
3.3.3 Perceptron Accuracy on training data: 0.7957592765824758
3.3.3 Perceptron Accuracy on testing data: 0.7984089952958274

3.3.3 Margin Perceptron Learning Rate used : 0.2, and Myu used is 3.0, for 3 epochs.
3.3.3 Number of Margin Perceptron mistakes made is 5903
3.3.3 Margin Perceptron Weight vector is [-3.069032212623344, -4.159463584328516, -0.362582574649892, 1.1504370051176338, 0.3975452777972019, 1.53321839947665, 1.5851891847407187, -0.2151584598001911, 1.47918251787248, 2.3412491794821144, 1.2749539660354847, 0.12889715087377673, -0.05339834235348179, 0.023238122483889456, -1.0532602428015345, -0.23551313932315, -0.29550931374902856, 0.025146363465559263, 0.4107961954910619, -0.02368770872506748, 0.19072278571478296, 0.6872328470301428, 0.14624140532233043, 2.533152070194994, -1.5827029285906755, 3.038890350047019, -0.2733005653951339, -1.3006649883885064, 1.533939840586892, -0.916937601775085, 0.5785743401478403, 0.32235711918884874, 2.515031013850474, -0.6567796146994034, -0.5370421815775772, -3.995514397817116, -0.5285016851201059, -0.4515797702083357, 0.13876965353575355, 2.659356551354648, 3.571546988851714, -0.5342541197859618, -1.987418895290132, -1.0210120154711828, -1.182429587790314, 0.054487167042290674, 1.0096734973009742, 2.6922930069529336, 0.3713129661706795, -1.287312571854311, 1.4112353749298963, 3.5830924897671803, 2.7453332389596294, -0.18576364489633213, -0.005796447222669088, 1.0537907753080729, -1.6139575491854474, -0.20652804499418598, -0.316895594018521, 2.7702915302477042, 0.9620689182075386, 4.924295033578871, -2.722645838750126, -0.7956045827753644, 1.8414267736757919, -1.1379120097140054, -1.9471725334005392, 1.1018348502057351, 0.9919429804102169, -3.6307300900595854, -0.44689392782088205, 1.0472658691961294, -2.9283763765821997, -0.7708924872783645, -2.7163298098948996, 0.3719501209537454, -3.0108828492485955, 0.96744210301549, -2.49860264898777, -0.5444746891035566, -1.2908418127518122, 1.2482805002723425, 1.2520845381739831, 0.6101754545362297, 0.753852969708712, -0.7132621448342724, -0.7496884847356944, 1.8036769023557002, -1.0921068323655272, 0.33160855624879765, -1.8811857981614266, 1.2772100260687114, 1.0742622102831942, 0.6098815135127635, 0.5086392096967358, 1.4444906201567949, 0.44672390103888965, 0.4968037636226561, 3.506701595952854, 2.1206888198929494, 0.566360744513996, 1.8776369117569212, -0.6960302946573655, -0.27723220175677865, 0.2116548382765478, 1.3010389381824046, 0.9453528603915509, -0.5927117514373823, 0.2350817258641661, 0.18904318355362848, 1.5114683618429856, 0.967389088584407, -0.39608646938277914, 0.26489582745247164, 0.6928169571561853, -0.10243173508921855, 0.8289044793297375, 1.0875516381838637, 1.6084964347010258, -1.2469475005567803, -0.12824143250046316, 0.3404171801693829, 0.6944352245063432, 0.5799577832686672]
3.3.3 Margin Perceptron Accuracy on training data: 0.8387901465544122
3.3.3 Margin Perceptron Accuracy on testing data: 0.8343213370558764

3.3.4 Aggressive Margin Perceptron Myu used is 1.0, for 1 epochs.
3.3.4 Number of Aggressive Margin Perceptron mistakes made is 2584
3.3.4 Aggressive Margin Perceptron Weight vector is [-1.6329505970638019, -0.8107127251426973, -0.07126209626526575, 0.027334797594885434, 0.2249623283819978, 0.6249138344037053, 0.004393991478492933, 0.0998520168835777, 0.42696714529202406, -0.10085824450992673, 0.07865704710109894, -0.054779287218688494, 0.06478688665257697, 0.023238122483889456, -0.18436010663955033, 0.21639101056978133, -0.2626084708549959, 0.17967677773906668, 0.3386422678281536, 0.43414368101408823, 0.646969872033003, 0.20469591868304246, 0.5135929458851164, 0.4973115802099628, 0.09301231666693394, 1.0729078713939957, 0.45362477731394457, 0.4520376465640642, 0.713802232208772, 0.2691013718216503, 0.48434738564686686, 0.6641653989886862, 0.7903434106081914, 0.125332583963781, 0.27571880548932165, -0.9761064458517397, -0.16115014455731874, 0.004667316109884009, -0.15149757985965884, 0.5426988214632236, 0.7546047509859735, -0.05050669137522415, -0.10397155238143646, 0.09893161298798597, -0.17533411529343704, 0.5543580769693597, 0.26859256852370916, 0.889071913442026, 0.2966102667363658, 0.08854832130557863, 0.7301682348482231, 0.9671071805754814, 0.8925842993694573, 0.015368756214992146, 0.056772642978169766, 0.014568107650632413, -0.37104256332243635, 0.48778636093129624, 0.15706003905975544, 0.7645963292033393, 0.9620689182075386, 1.1976574255260186, 0.08604437478634445, 0.015530850132972757, 0.6092263831853412, -0.19450874752269526, -0.11548182793381087, 0.21548554150320276, 0.4504157349248279, -0.2974160037823606, -0.020668837984002104, 0.15168486282949256, -1.647422929498997, -0.6157643188020221, -0.444897186183027, -0.46340088719858163, -0.8988481602318052, 0.29148902955824546, -0.3908816531314433, -0.30262991514426985, 0.07817435627802033, 0.13343985320821944, 0.08442486195220703, 0.07324328507113187, 0.5513688287911857, 0.12522616891085966, 0.43590478404714667, 0.6444659069324992, -0.01532961868302582, 0.4193158204536039, 0.19000752492205314, 0.7729119196185242, 0.8614129511496411, 0.4260836838399862, 0.4609887514157276, 0.3730843419715354, 0.6220664150085315, 0.473750635903292, 1.0718863965717567, 0.9463742822044263, 0.1647808278541801, 0.8122437355485049, 0.5955650212042526, -0.14036530636416708, -0.10593112586082766, 0.6022334241672809, 0.6712888891914057, 0.11308925309875384, 0.2350817258641661, 0.504985904147785, 0.8341898517099494, 0.38624470015961976, -0.1546104546276399, 0.37235623047246724, 0.6678379904414065, 0.42014280642085616, 0.42064848705527436, 0.5009446301135251, 0.6873299771357293, -0.4571727276184978, 0.5308914758639564, 0.6514979403211857, 0.8944352245063432, 0.5799577832686672]
3.3.4 Aggressive Margin Perceptron Accuracy with training data: 0.7918615528531338
3.3.4 Aggressive Margin Perceptron Accuracy with testing data: 0.7904539717749646

3.3.4 Aggressive Margin Perceptron Myu used is 2.0, for 3 epochs.
3.3.4 Number of Aggressive Margin Perceptron mistakes made is 7795
3.3.4 Aggressive Margin Perceptron Weight vector is [-2.1700370163196028, -1.5553262049979715, -0.43019797209201416, 0.3380184652147082, 0.5264531625648742, 0.5792022690272237, 0.24692501066622785, -1.3885027970767314, 1.0874635051559949, -0.3253855567625925, 0.7737780732292097, 0.7962283322957726, -0.24718946083839266, 0.023238122483889456, -0.18895020607275864, 0.3584426899716441, 0.08843240447317353, 0.1487069519946818, -0.6559767809800937, 0.048839769339850014, 0.3450143319512665, 1.4717043910225966, -0.5171866279214162, 1.5678996672328382, -0.42975025628072344, 1.3262791065905177, 0.4037954436326777, 0.10052259137753591, 0.996029478520758, 0.08743229674479765, -0.08592837815108711, 0.5549856750336178, 1.5998125456958436, -0.12363691755485083, -0.19179173799860633, -1.2241506488275786, -1.1919297183638529, -0.29728822397185034, -0.4208889176107948, 1.8557830568226588, 1.3826746070959126, -0.6641790029404459, -0.7044135750154051, -0.14001487748543204, -0.9185739357583759, 0.06488278732531562, 1.7892122279395581, 0.6352617412269794, 0.49886455627124904, -0.10278693761289007, 1.4093208242158766, 2.0615638123352222, 0.6188572231780097, 0.01651937758247738, 0.38380378925633574, 0.6650451282410725, -0.5192946816558013, 0.025565298201360692, -1.0554646593168042, 0.7762419680601281, 0.9620689182075386, 1.1736834458622563, -0.6385867936752015, 0.3454591766827797, 1.409756498823191, -0.6691138050186526, -0.5598164837560115, 0.6649229901483444, -0.09033641727259908, -0.9895941921810942, -0.020862288327929565, 0.3982847858686376, -2.0143056021048156, -0.7859680654520094, -1.467390302492231, 0.02200580985481993, -1.8932873415985683, 0.7488417916691971, -1.8557115408164078, 0.16650259789905278, -0.7398746395112613, 0.4040416446718585, 1.0904830216636843, 0.7374101040988894, 1.2810209846217195, -0.20351948525471358, -0.771942337269343, 0.93192305034107, -1.6749682960618923, 0.29932620110054475, -1.2540767323618676, 1.9658776185985334, 1.4533926782026176, 0.011094626957418915, 0.09902283598318455, 1.2493987904041144, 0.11743742977901397, 0.47706197659792543, 3.2146769345378705, 2.802784303918598, 0.80344545200603, 1.6775385520595423, -0.43731298493967996, -0.3720977345901407, 0.10727918762328198, 1.0175543793586341, 0.9383646496925899, -0.8888294844383899, 0.11629442829265443, 0.10534057498620175, 1.3041107283849744, 0.7843685923407056, -0.7148463906839619, 0.38833940860482297, 1.4726078910133305, 9.870924148051297E-4, 0.1515205793678376, 0.3719818844055093, 1.8722234197631678, -0.8512948927986712, 0.00555282727977649, 0.601437231267045, 1.0794182938914785, 0.5799577832686672]
3.3.4 Aggressive Margin Perceptron Accuracy with training data: 0.8239787963829124
3.3.4 Aggressive Margin Perceptron Accuracy with testing data: 0.8269017478104562
